1.2792325019836426
0.2782628536224365
0.282512903213501
0.2785024642944336
0.26175880432128906
0.26160192489624023
0.26146769523620605
0.2619943618774414
0.28192901611328125
0.2630033493041992
0.2657930850982666
0.26137542724609375
0.27066969871520996
0.27231788635253906
0.2625086307525635
0.2676823139190674
0.26898908615112305
0.2678813934326172
0.27948617935180664
0.2806849479675293
0.267993688583374
0.2708442211151123
0.010094165802001953
0.2609903812408447
0.2748682498931885
0.26334357261657715
0.2667088508605957
0.26543426513671875
0.2653651237487793
0.26920580863952637
0.27889227867126465
0.2700991630554199
0.2676846981048584
0.009995698928833008
0.009002208709716797
0.007997274398803711
0.2639801502227783
0.26058340072631836
0.2746009826660156
0.25894665718078613
0.2636072635650635
0.27558255195617676
0.2654542922973633
0.2663567066192627
0.2756960391998291
0.007999420166015625
0.2688026428222656
0.2690310478210449
0.2734105587005615
0.26340603828430176
0.26711106300354004
0.2593698501586914
0.26962900161743164
0.4932374954223633
0.009002208709716797
0.2567453384399414
0.008003711700439453
0.007999420166015625
0.0068743228912353516
0.25937628746032715
0.267392635345459
0.2602827548980713
0.2732410430908203
0.2742598056793213
0.01499485969543457
0.2657649517059326
0.2709975242614746
0.2620832920074463
0.26699328422546387
0.2661147117614746
0.2622509002685547
0.2675955295562744
0.019008159637451172
0.27440357208251953
0.2666492462158203
0.271165132522583
0.008000850677490234
0.2619740962982178
0.2600677013397217
0.007003307342529297
0.26512694358825684
0.013003349304199219
0.27272462844848633
0.018993854522705078
0.27202534675598145
0.2752711772918701
0.26688122749328613
0.2662804126739502
0.01203155517578125
0.27986645698547363
0.2686915397644043
0.01001882553100586
0.26438355445861816
0.2665417194366455
0.5079035758972168
0.2667369842529297
0.2674839496612549
0.25937414169311523
0.26808691024780273
0.2786083221435547
0.007993936538696289
0.2655599117279053
0.015985965728759766
0.011996030807495117
0.25955796241760254
0.2636563777923584
0.2755889892578125
0.2653224468231201
0.2687234878540039
0.25516438484191895
0.2654855251312256
0.011997222900390625
0.008000612258911133
0.26755833625793457
0.2559843063354492
0.009007453918457031
0.27866387367248535
0.25959324836730957
0.2613561153411865
0.2670905590057373
0.2668113708496094
0.006998777389526367
0.008001089096069336
0.006034135818481445
0.007998466491699219
0.25576019287109375
0.009021282196044922
0.006976127624511719
0.26578474044799805
0.007001399993896484
0.008997917175292969
0.9711954593658447
0.010979175567626953
0.2842292785644531
0.28048110008239746
0.2881503105163574
0.01900339126586914
0.3478994369506836
0.28136610984802246
0.28252744674682617
0.28778982162475586
0.009032726287841797
0.27668309211730957
0.016037702560424805
0.009958982467651367
0.008025169372558594
0.27897119522094727
0.27832651138305664
0.2900960445404053
0.3103506565093994
0.29073214530944824
0.27890467643737793
0.01698160171508789
0.009998083114624023
0.007426023483276367
0.510422945022583
0.29023003578186035
0.2863481044769287
0.018016815185546875
0.2985861301422119
0.27823352813720703
0.28090929985046387
0.012982845306396484
0.27224135398864746
0.010012149810791016
0.008364200592041016
0.006961822509765625
0.2838709354400635
0.008996963500976562
0.0069963932037353516
0.28168535232543945
0.29393815994262695
0.017991065979003906
0.32386255264282227
0.32399845123291016
0.3378610610961914
0.007993698120117188
0.0070340633392333984
0.29203009605407715
0.016997098922729492
0.009997844696044922
0.27615928649902344
0.007042407989501953
0.007998943328857422
0.007646322250366211
0.2834200859069824
0.2834126949310303
0.28423380851745605
0.28087949752807617
0.01598978042602539
0.29217982292175293
0.2855691909790039
0.2805211544036865
0.017000198364257812
0.2762627601623535
0.278026819229126
0.010011434555053711
0.010709762573242188
0.009011030197143555
0.006989717483520508
0.27917981147766113
0.2776167392730713
0.2796211242675781
0.010991811752319336
0.30553317070007324
0.010016441345214844
0.2729308605194092
0.011000871658325195
0.27969884872436523
0.00898432731628418
0.00800633430480957
0.7562856674194336
0.2844583988189697
0.2859535217285156
0.00900721549987793
0.005994558334350586
0.00899958610534668
0.0060002803802490234
0.007008552551269531
0.007990360260009766
0.2760345935821533
0.2848525047302246
0.020004749298095703
0.2964789867401123
0.01200103759765625
0.007054567337036133
0.00982213020324707
0.006986379623413086
0.2931694984436035
0.016996145248413086
0.282848596572876
0.28092312812805176
0.2899661064147949
0.017000675201416016
0.010997295379638672
0.2772636413574219
0.2771332263946533
0.28121137619018555
0.013057708740234375
0.013935565948486328
0.3209350109100342
0.2799670696258545
0.2816133499145508
0.010996818542480469
0.27787208557128906
0.008993387222290039
0.008017778396606445
0.27689075469970703
0.016997098922729492
0.28458666801452637
0.013997316360473633
0.2857239246368408
0.014032363891601562
0.009955406188964844
0.2827427387237549
0.2816023826599121
0.009992361068725586
0.005959987640380859
0.008999824523925781
0.007998228073120117
0.2840743064880371
0.013999462127685547
0.285841703414917
0.28023481369018555
0.010979175567626953
0.2890045642852783
0.01698613166809082
0.009997367858886719
0.00700068473815918
0.008998632431030273
0.007009744644165039
0.008990764617919922
0.007002830505371094
0.009000062942504883
0.006996631622314453
0.009001970291137695
0.005998373031616211
0.010001897811889648
0.007997751235961914
0.009000778198242188
0.006999015808105469
0.28554248809814453
0.013994455337524414
0.013999223709106445
0.010035514831542969
0.008966207504272461
0.29030632972717285
0.010983943939208984
0.2825441360473633
0.01399374008178711
0.27958035469055176
0.30973148345947266
0.0069959163665771484
0.282834529876709
0.27976536750793457
0.010981559753417969
0.007999897003173828
0.009681463241577148
0.007064342498779297
0.28606200218200684
0.28299760818481445
0.27929258346557617
0.009480714797973633
0.007988691329956055
0.007001161575317383
0.00800633430480957
0.008993387222290039
0.00900125503540039
0.281801700592041
0.017994403839111328
0.010038375854492188
0.006960391998291016
0.00900125503540039
0.0069980621337890625
0.28272438049316406
0.2848927974700928
0.017972469329833984
0.016002178192138672
0.008991718292236328
0.008999109268188477
0.007001161575317383
0.00900888442993164
0.27225494384765625
0.008992433547973633
0.008401632308959961
0.008004426956176758
0.00962972640991211
0.007253408432006836
0.009002923965454102
0.0069599151611328125
0.2795243263244629
0.007992029190063477
0.28439927101135254
0.010038375854492188
0.007998466491699219
0.007972240447998047
0.27359771728515625
0.017026185989379883
0.009617090225219727
0.27602481842041016
0.017999649047851562
0.011997461318969727
0.007993698120117188
0.008006811141967773
0.008992910385131836
0.007002353668212891
0.2807161808013916
0.30660510063171387
0.009979724884033203
0.2784297466278076
0.00999593734741211
0.0072519779205322266
0.009000062942504883
0.006575107574462891
0.009003400802612305
0.27823472023010254
0.0070002079010009766
0.009519577026367188
0.008001327514648438
0.008090734481811523
0.008005619049072266
0.006994724273681641
0.2743222713470459
0.01800394058227539
0.013992547988891602
0.009033679962158203
0.27590107917785645
0.0180051326751709
0.009990215301513672
0.00800013542175293
0.27610039710998535
0.28153085708618164
0.010026216506958008
0.006958484649658203
0.009001016616821289
0.0069997310638427734
0.2855367660522461
0.01099395751953125
0.00789189338684082
0.28250575065612793
0.008980035781860352
0.2883620262145996
0.01703357696533203
0.009959697723388672
0.006998538970947266
0.007025718688964844
0.00897359848022461
0.00800013542175293
0.9854812622070312
0.29524970054626465
0.012994527816772461
0.009027719497680664
0.27536916732788086
0.5120759010314941
0.010827302932739258
0.006961822509765625
0.007999897003173828
0.007999897003173828
0.28991246223449707
0.2797210216522217
0.28073596954345703
0.019118309020996094
0.012033224105834961
0.007534503936767578
0.009050130844116211
0.006943225860595703
0.009046554565429688
0.00695347785949707
0.009038448333740234
0.00696110725402832
0.28574681282043457
0.007904291152954102
0.27483248710632324
0.008000850677490234
0.008002758026123047
0.005999088287353516
0.008000612258911133
0.006001710891723633
0.2731437683105469
0.008057355880737305
0.007981061935424805
0.007975339889526367
0.00905299186706543
0.006996631622314453
0.008952856063842773
0.007983684539794922
0.27872443199157715
0.017995834350585938
0.013010025024414062
0.00801539421081543
0.007965087890625
0.008028507232666016
0.009004592895507812
0.007002592086791992
0.007962942123413086
0.008005142211914062
0.007993698120117188
0.008037328720092773
0.00696253776550293
0.007998466491699219
0.006999969482421875
0.27959370613098145
0.016965150833129883
0.008999824523925781
0.006998777389526367
0.010009765625
0.006992340087890625
0.008996963500976562
0.007001161575317383
0.007999181747436523
0.007998466491699219
0.009021282196044922
0.0070018768310546875
0.00898122787475586
0.0073089599609375
0.0071582794189453125
0.007193088531494141
0.0050127506256103516
0.00798654556274414
0.2785184383392334
0.011033773422241211
0.2825000286102295
0.2853708267211914
0.010033845901489258
0.006963968276977539
0.007065296173095703
0.27524447441101074
0.017963647842407227
0.008992671966552734
0.009006977081298828
0.006993770599365234
0.27678632736206055
0.009001970291137695
0.2777407169342041
0.008991479873657227
0.007003307342529297
0.00699925422668457
0.0069942474365234375
0.007998228073120117
0.00800776481628418
0.007991313934326172
0.00800013542175293
0.5283572673797607
0.009998798370361328
0.27692699432373047
0.015992403030395508
0.008007287979125977
0.00999307632446289
0.28013134002685547
0.01099085807800293
0.007460117340087891
0.009001016616821289
0.008039236068725586
0.28960323333740234
0.28185224533081055
0.010994195938110352
0.007998943328857422
0.009000539779663086
0.007013559341430664
0.2841911315917969
0.009001493453979492
0.007998943328857422
0.008053302764892578
0.28261876106262207
0.011000394821166992
0.2847888469696045
0.0159912109375
0.00899958610534668
0.008004426956176758
0.2786087989807129
0.011004447937011719
0.2804384231567383
0.014040946960449219
0.008953571319580078
0.00800323486328125
0.006995201110839844
0.010039806365966797
0.00696253776550293
0.008997917175292969
0.009003400802612305
0.01299428939819336
0.009002685546875
0.9557108879089355
0.009002208709716797
0.008000373840332031
0.0070002079010009766
0.009003877639770508
0.007021427154541016
0.007972002029418945
0.0060007572174072266
0.008998870849609375
0.006028890609741211
0.008004903793334961
0.36594700813293457
0.010979175567626953
0.005999088287353516
0.00900125503540039
0.00690913200378418
0.007999897003173828
0.008093833923339844
0.008000373840332031
0.007001638412475586
0.010001659393310547
0.007995128631591797
0.27939653396606445
0.2751586437225342
0.008000373840332031
0.009011030197143555
0.007027626037597656
0.008960723876953125
0.27527427673339844
0.28415942192077637
0.009983062744140625
0.006000518798828125
0.008999824523925781
0.006998777389526367
0.008011341094970703
0.007987260818481445
0.008007287979125977
0.008043527603149414
0.006981372833251953
0.009009599685668945
0.007962465286254883
0.009037971496582031
0.28199315071105957
0.009976863861083984
0.0070362091064453125
0.28127217292785645
0.016938447952270508
0.011988639831542969
0.00903773307800293
0.007979154586791992
0.008630514144897461
0.007000446319580078
0.009001970291137695
0.006000041961669922
0.2758159637451172
0.016989707946777344
0.012991189956665039
0.008997917175292969
0.007001161575317383
0.27562618255615234
0.017997026443481445
0.008999824523925781
0.009283304214477539
0.007999420166015625
0.008999347686767578
0.007008552551269531
0.008990764617919922
0.007000446319580078
0.009000062942504883
0.27230191230773926
0.006960153579711914
0.00702667236328125
0.006479978561401367
0.007992029190063477
0.008001089096069336
0.00701594352722168
0.007982015609741211
0.007005929946899414
0.009996652603149414
0.006009578704833984
0.009027719497680664
0.00796055793762207
0.007999181747436523
0.008000373840332031
0.00900125503540039
0.511366605758667
0.007990837097167969
0.0070340633392333984
0.27983570098876953
0.007030010223388672
0.008970975875854492
0.006998538970947266
0.009002685546875
0.2738809585571289
0.01800680160522461
0.27744626998901367
0.011029243469238281
0.012752532958984375
0.010033607482910156
0.006958961486816406
0.007999658584594727
0.0069997310638427734
0.008055925369262695
0.0069539546966552734
0.008006095886230469
0.008025646209716797
0.008962154388427734
0.27275919914245605
0.008000850677490234
0.00800323486328125
0.007996797561645508
0.009039878845214844
0.006958961486816406
0.008025407791137695
0.007259368896484375
0.008521556854248047
0.008040666580200195
0.008959770202636719
0.007999420166015625
0.2835197448730469
0.009995222091674805
0.008037328720092773
0.007965326309204102
0.278059720993042
0.008983850479125977
0.006039857864379883
0.008975505828857422
0.0069828033447265625
0.27847909927368164
0.012013435363769531
0.008992910385131836
0.008002042770385742
0.006998300552368164
0.008080482482910156
0.008584022521972656
0.006009817123413086
0.009518861770629883
0.007008075714111328
0.009001493453979492
0.007002830505371094
0.008995294570922852
0.007005453109741211
0.007996082305908203
0.005999088287353516
0.007002592086791992
0.2805354595184326
0.01499485969543457
0.008054733276367188
0.008127450942993164
0.006995201110839844
0.009000062942504883
0.27934813499450684
0.017658472061157227
0.009993791580200195
0.28093433380126953
0.011009931564331055
0.006974458694458008
0.00800013542175293
0.008000612258911133
0.00701141357421875
0.009015321731567383
0.0069732666015625
0.006000518798828125
0.012998580932617188
0.00600123405456543
0.005998849868774414
0.006000041961669922
0.00700068473815918
0.008999109268188477
0.006000518798828125
0.005999565124511719
0.008000850677490234
0.005999326705932617
0.008002042770385742
0.00900578498840332
0.007010459899902344
0.007984638214111328
0.005997657775878906
0.006998777389526367
0.007007122039794922
0.2803783416748047
0.009001731872558594
0.007022857666015625
0.007012605667114258
0.006999969482421875
0.006999969482421875
0.008001327514648438
0.0060312747955322266
0.007969856262207031
0.007028818130493164
0.007968664169311523
0.007033586502075195
0.00696563720703125
0.008001565933227539
0.006999492645263672
0.008019685745239258
0.006982088088989258
0.2778632640838623
0.01102590560913086
0.008976936340332031
0.2832343578338623
0.010988473892211914
0.007998943328857422
0.0070078372955322266
0.00799107551574707
0.007031917572021484
0.009006977081298828
0.006972312927246094
0.006989955902099609
0.008999824523925781
0.006999492645263672
0.008000612258911133
0.008001327514648438
0.008000612258911133
0.27166199684143066
0.007142066955566406
0.006517887115478516
0.006998300552368164
0.00899958610534668
0.008017301559448242
0.005984306335449219
0.010021686553955078
0.00697636604309082
0.008033037185668945
0.0069653987884521484
0.00904083251953125
0.006959676742553711
0.009001016616821289
0.007014751434326172
0.007984161376953125
0.006002664566040039
0.00699925422668457
0.007997512817382812
0.0070037841796875
0.27852725982666016
0.01689291000366211
0.012984275817871094
0.007998228073120117
0.009020805358886719
0.27224016189575195
0.2756364345550537
0.00899958610534668
0.007558345794677734
0.0070302486419677734
0.009044408798217773
0.0059986114501953125
0.009000539779663086
0.007000446319580078
0.009002923965454102
0.2780129909515381
0.01799631118774414
0.0159912109375
0.008043050765991211
0.008956432342529297
0.007039308547973633
0.009010791778564453
0.00695037841796875
0.009006500244140625
0.00699162483215332
0.008005142211914062
0.28549981117248535
0.01842784881591797
0.009058713912963867
0.007931947708129883
0.00663304328918457
0.008997678756713867
0.0080108642578125
0.0089874267578125
0.0070285797119140625
0.008983612060546875
0.006989479064941406
0.009020090103149414
0.27768850326538086
0.009984493255615234
0.2923920154571533
0.017040491104125977
0.013991117477416992
0.006996631622314453
0.008002281188964844
0.00799703598022461
0.008001565933227539
0.008037567138671875
0.007971048355102539
0.006990909576416016
0.0059986114501953125
0.0069997310638427734
0.022002220153808594
0.00599980354309082
0.007998943328857422
0.00600123405456543
0.008000373840332031
0.00699925422668457
0.0070002079010009766
0.0070002079010009766
0.006000041961669922
0.008001327514648438
0.005997180938720703
0.00800180435180664
0.005997896194458008
0.007019519805908203
0.007981538772583008
0.0059986114501953125
0.007000446319580078
0.006000041961669922
0.007002115249633789
0.005997657775878906
0.005999088287353516
0.008001327514648438
0.5125269889831543
0.008988618850708008
0.006415128707885742
0.007021903991699219
0.007978439331054688
0.005997896194458008
0.009143352508544922
0.007003307342529297
0.008008003234863281
0.007032871246337891
0.00901651382446289
0.006941795349121094
0.008004903793334961
0.007035255432128906
0.27570080757141113
0.008000850677490234
0.00800323486328125
0.27689123153686523
0.015000343322753906
0.013035297393798828
0.008989334106445312
0.00697016716003418
0.2866837978363037
0.018035411834716797
0.015996217727661133
0.008039474487304688
0.008966922760009766
0.007031917572021484
0.008972406387329102
0.0069882869720458984
0.008021354675292969
0.007018089294433594
0.008967399597167969
0.28846120834350586
0.010025501251220703
0.3108198642730713
0.017995119094848633
0.009002447128295898
0.008988618850708008
0.006971836090087891
0.00899958610534668
0.007000923156738281
0.008999347686767578
0.007001399993896484
0.00962686538696289
0.007050752639770508
0.008849620819091797
0.006986141204833984
0.008028507232666016
0.005972385406494141
0.008006572723388672
0.006993770599365234
0.005998373031616211
0.007009983062744141
0.005988597869873047
0.008022785186767578
0.006977081298828125
0.006008148193359375
0.00799250602722168
0.2764627933502197
0.016667842864990234
0.014986515045166016
0.2758355140686035
0.28024840354919434
0.011026382446289062
0.008965015411376953
0.006001949310302734
0.007996797561645508
0.0073125362396240234
0.007936239242553711
0.008008241653442383
0.00801229476928711
0.007989645004272461
0.007999181747436523
0.009001016616821289
0.006998538970947266
0.2915773391723633
0.008044958114624023
0.0059947967529296875
0.009000062942504883
0.006997585296630859
0.0070035457611083984
0.008997440338134766
0.006000518798828125
0.010037660598754883
0.0069925785064697266
0.008975505828857422
0.00599360466003418
0.009041786193847656
0.005957603454589844
0.00700068473815918
0.0060002803802490234
0.006000041961669922
0.0069997310638427734
0.006000041961669922
0.0060007572174072266
0.008002042770385742
0.0059986114501953125
0.007998466491699219
0.006000041961669922
0.00801396369934082
0.00598597526550293
0.00600743293762207
0.008993864059448242
0.005998373031616211
0.009002685546875
0.005997419357299805
0.012000322341918945
0.005998134613037109
0.008005380630493164
0.004996538162231445
0.2927408218383789
0.009989023208618164
0.007003307342529297
0.007997751235961914
0.00799870491027832
0.006038188934326172
0.0069620609283447266
0.008998394012451172
0.008009910583496094
0.007991313934326172
0.008000612258911133
0.007027864456176758
0.007971525192260742
0.009037971496582031
0.0069620609283447266
0.009000062942504883
0.27442169189453125
0.010923624038696289
0.006999015808105469
0.007377147674560547
0.008041143417358398
0.006968975067138672
0.008001327514648438
0.0070002079010009766
0.007957220077514648
0.008043766021728516
0.008957147598266602
0.00803995132446289
0.0069580078125
0.007000923156738281
0.2823371887207031
0.006999969482421875
0.007003307342529297
0.008016109466552734
0.007985353469848633
0.007038116455078125
0.009981393814086914
0.006976604461669922
0.0070302486419677734
0.008974075317382812
0.007999181747436523
0.006997585296630859
0.008019685745239258
0.007977485656738281
0.00700068473815918
0.008001327514648438
0.007001161575317383
0.008009910583496094
0.005987882614135742
0.0070002079010009766
0.007999181747436523
0.007018566131591797
0.007981538772583008
0.0069997310638427734
0.009000778198242188
0.0060007572174072266
0.00899958610534668
0.005999565124511719
0.2776961326599121
0.00998377799987793
0.008999824523925781
0.006000041961669922
0.009000778198242188
0.006144285202026367
0.00897073745727539
0.0069882869720458984
0.00700068473815918
0.00803995132446289
0.007959842681884766
0.006999969482421875
0.007012128829956055
0.009026765823364258
0.00697016716003418
0.00899958610534668
0.006003856658935547
0.009024858474731445
0.006960630416870117
0.27579259872436523
0.007001638412475586
0.006000518798828125
0.007875680923461914
0.00696110725402832
0.0073299407958984375
0.007999420166015625
0.008122920989990234
0.007990360260009766
0.008009910583496094
0.006959199905395508
0.008999347686767578
0.007052421569824219
0.007947921752929688
0.006007671356201172
0.009034872055053711
0.27767491340637207
0.018998384475708008
0.010365009307861328
0.008999347686767578
0.0069959163665771484
0.008002996444702148
0.005995750427246094
0.020002126693725586
0.010998249053955078
0.007000446319580078
0.005998849868774414
0.0060024261474609375
0.0069980621337890625
0.010000228881835938
0.008999109268188477
0.007002115249633789
0.0069997310638427734
0.00901174545288086
0.01000213623046875
0.2897942066192627
0.011992931365966797
0.008040666580200195
0.0069580078125
0.007999420166015625
0.27434206008911133
0.010987997055053711
0.2742128372192383
0.0060024261474609375
0.00800633430480957
0.006991863250732422
0.008005142211914062
0.007713794708251953
0.006960868835449219
0.00899815559387207
0.006000995635986328
0.008999824523925781
0.28631067276000977
0.010817766189575195
0.007997751235961914
0.005998134613037109
0.008044958114624023
0.0060160160064697266
0.007001399993896484
0.008183479309082031
0.008001089096069336
0.007999658584594727
0.0069980621337890625
0.008002042770385742
0.00699925422668457
0.008998394012451172
0.00703740119934082
0.008963823318481445
0.005997896194458008
0.00900125503540039
0.006999492645263672
0.008002758026123047
0.006997823715209961
0.007007122039794922
0.007992029190063477
0.006000041961669922
0.009002923965454102
0.005997180938720703
0.00900125503540039
0.006014347076416016
0.27650022506713867
0.0059430599212646484
0.007005214691162109
0.006993770599365234
0.007019519805908203
0.009004831314086914
0.007992267608642578
0.008023977279663086
0.00700068473815918
0.2742345333099365
0.006991863250732422
0.0070209503173828125
0.0069789886474609375
0.007219552993774414
0.008000612258911133
0.007000446319580078
0.007998228073120117
0.3001542091369629
0.011028528213500977
0.008040189743041992
0.27715158462524414
0.013033866882324219
0.008974552154541016
0.006978511810302734
0.008000612258911133
0.00699925422668457
0.00905752182006836
0.006949901580810547
0.007992267608642578
0.007998943328857422
0.2829289436340332
0.016996383666992188
0.014998197555541992
0.007598161697387695
0.00899815559387207
0.006999492645263672
0.009024858474731445
0.2883265018463135
0.006978034973144531
0.007005929946899414
0.00799560546875
0.008998632431030273
0.007002353668212891
0.2846856117248535
0.017060041427612305
0.015933990478515625
0.009487152099609375
0.009046316146850586
0.00699162483215332
0.008961200714111328
0.008000612258911133
0.00699925422668457
0.0069997310638427734
0.007002115249633789
0.005999565124511719
0.006999492645263672
0.007999420166015625
0.007001161575317383
0.006999492645263672
0.005999565124511719
0.015998363494873047
0.006002902984619141
0.007997512817382812
0.00600743293762207
0.0060002803802490234
0.0069997310638427734
0.00700068473815918
0.006998777389526367
0.006001472473144531
0.007999181747436523
0.004999399185180664
0.00499725341796875
0.007001161575317383
0.00599980354309082
0.0070078372955322266
0.00599217414855957
0.006000041961669922
0.27863287925720215
0.010992050170898438
0.009031534194946289
0.006980419158935547
0.008166790008544922
0.0060002803802490234
0.007975578308105469
0.30515122413635254
0.0070002079010009766
0.005998373031616211
0.006998777389526367
0.0060007572174072266
0.007035493850708008
0.006966829299926758
0.007998943328857422
0.007998228073120117
0.006001710891723633
0.009999275207519531
0.006005048751831055
0.009012699127197266
0.005982637405395508
0.006995201110839844
0.006999969482421875
0.014000892639160156
0.0070002079010009766
0.00800013542175293
0.010999679565429688
0.034020185470581055
0.012980222702026367
0.012557506561279297
0.01400136947631836
0.022001266479492188
0.027997732162475586
0.006998538970947266
0.007005214691162109
0.007998943328857422
0.010999202728271484
0.005998134613037109
0.009001970291137695
0.009998083114624023
0.008001565933227539
0.007024526596069336
0.014985084533691406
0.014993667602539062
0.2823905944824219
0.018000364303588867
0.2877326011657715
0.2860720157623291
0.0076563358306884766
0.27912068367004395
0.008036613464355469
0.006106138229370117
0.0069582462310791016
0.008001327514648438
0.2851853370666504
0.007001399993896484
0.0070037841796875
0.0069959163665771484
0.00801849365234375
0.007982969284057617
0.009001016616821289
0.006999969482421875
0.007999181747436523
0.007999181747436523
0.008000612258911133
0.2743947505950928
0.009985923767089844
0.00899958610534668
0.010015249252319336
0.007027864456176758
0.2973747253417969
0.007000446319580078
0.009042501449584961
0.006959199905395508
0.007041215896606445
0.006835222244262695
0.007999420166015625
0.005997657775878906
0.007000923156738281
0.009001493453979492
0.007010698318481445
0.2732069492340088
0.0060007572174072266
0.007997989654541016
0.007002830505371094
0.008002281188964844
0.006996631622314453
0.007003307342529297
0.005994558334350586
0.007003068923950195
0.006997823715209961
0.008000373840332031
0.007001399993896484
0.007998943328857422
0.006001472473144531
0.006997823715209961
0.3068232536315918
0.007962703704833984
0.008808374404907227
0.2971646785736084
0.006051540374755859
0.9711201190948486
0.27803564071655273
0.009960174560546875
0.007998943328857422
0.00800013542175293
0.008000373840332031
0.009000301361083984
0.008001089096069336
0.00899815559387207
0.00699925422668457
0.27538418769836426
0.017014503479003906
0.019979476928710938
0.014997243881225586
0.009000778198242188
0.009001016616821289
0.006997108459472656
0.008998870849609375
0.007001161575317383
0.27318477630615234
0.2756922245025635
0.006997585296630859
0.006357908248901367
0.007001161575317383
0.006997585296630859
0.007002353668212891
0.00799703598022461
0.2703971862792969
0.01726365089416504
0.01403498649597168
0.008956193923950195
0.007027387619018555
0.007972240447998047
0.006994485855102539
0.010019540786743164
0.27046966552734375
0.017993688583374023
0.012997865676879883
0.008997440338134766
0.007000923156738281
0.008038520812988281
0.00696253776550293
0.009001493453979492
0.0070149898529052734
0.008983612060546875
0.006997823715209961
0.007998943328857422
0.007999897003173828
0.01101231575012207
0.006989955902099609
0.2780001163482666
0.00999903678894043
0.00800013542175293
0.01000213623046875
0.00799870491027832
0.009998798370361328
0.0059986114501953125
0.009073972702026367
0.006928443908691406
0.007999897003173828
0.007003068923950195
0.007996559143066406
0.007999658584594727
0.007999897003173828
0.008000373840332031
0.28220343589782715
0.005999326705932617
0.011000871658325195
0.006999015808105469
0.009002208709716797
0.005998849868774414
0.009285926818847656
0.00600743293762207
0.00800323486328125
0.006998300552368164
0.007000446319580078
0.006999015808105469
0.0060007572174072266
0.007998943328857422
0.005000114440917969
0.006021261215209961
0.0059773921966552734
0.006003141403198242
0.006000995635986328
0.0059986114501953125
0.004998922348022461
0.007001638412475586
0.005997657775878906
0.2775588035583496
0.2828831672668457
0.007985115051269531
0.01199960708618164
0.006999969482421875
0.012003421783447266
0.00999593734741211
0.007000923156738281
0.008998870849609375
0.058999061584472656
0.014001607894897461
0.014001846313476562
0.011999130249023438
0.26999950408935547
0.006998777389526367
0.014002084732055664
0.010998964309692383
0.008000373840332031
0.009001016616821289
0.3001415729522705
0.015005826950073242
0.007990121841430664
0.009009599685668945
0.008008003234863281
0.010983467102050781
0.2839980125427246
0.016001462936401367
0.006998777389526367
0.011000871658325195
0.012011528015136719
0.006987810134887695
0.011000871658325195
0.006999969482421875
0.27699923515319824
0.005999565124511719
0.007000923156738281
0.006998777389526367
0.0060024261474609375
0.007997512817382812
0.0060007572174072266
0.006000041961669922
0.007998943328857422
0.007001399993896484
0.007999658584594727
0.005999088287353516
0.007004976272583008
0.007994890213012695
0.006003141403198242
0.0059964656829833984
0.022001266479492188
0.008000850677490234
0.006999492645263672
0.015001773834228516
0.008996963500976562
0.011002063751220703
0.010997772216796875
0.010003089904785156
0.008999347686767578
0.01099848747253418
0.006001710891723633
0.006999492645263672
0.008997440338134766
0.010041236877441406
0.007959604263305664
0.010002374649047852
0.00799870491027832
0.009020090103149414
0.007979393005371094
0.009002208709716797
0.00800013542175293
0.010016441345214844
0.007982492446899414
0.009998798370361328
0.007999658584594727
0.008001327514648438
0.00600123405456543
0.010010480880737305
0.007987022399902344
0.009001016616821289
0.008001565933227539
0.008997678756713867
0.007001161575317383
0.011000871658325195
0.0110321044921875
0.008966445922851562
0.011000871658325195
0.2759995460510254
0.010000467300415039
0.006999015808105469
0.007002115249633789
0.27727198600769043
0.01689887046813965
0.019860506057739258
0.020002126693725586
0.023990392684936523
0.012000560760498047
0.009996891021728516
0.008002519607543945
0.010997295379638672
0.007999181747436523
0.011001348495483398
0.0059986114501953125
0.011003494262695312
0.0059969425201416016
0.010001182556152344
0.0059986114501953125
0.010006427764892578
0.005993366241455078
0.008000612258911133
0.0069997310638427734
0.008001327514648438
0.006999015808105469
0.008017301559448242
0.006983518600463867
0.2830848693847656
0.018964767456054688
0.2821376323699951
0.01599287986755371
0.015001296997070312
0.008998394012451172
0.007999181747436523
0.005000114440917969
0.006001472473144531
0.008999347686767578
0.005999088287353516
0.006005525588989258
0.006993770599365234
0.006002187728881836
0.00800013542175293
0.005997419357299805
0.007002830505371094
0.005997419357299805
0.006002187728881836
0.007998943328857422
0.007004261016845703
0.2709462642669678
0.015899181365966797
0.01900339126586914
0.018993377685546875
0.017000198364257812
0.018025636672973633
0.017026424407958984
0.012943506240844727
0.007999181747436523
0.00999760627746582
0.008001327514648438
0.269667387008667
0.010889768600463867
0.007002353668212891
0.0069959163665771484
0.007002592086791992
0.2803053855895996
0.27332139015197754
0.011027812957763672
0.2743384838104248
0.01099085807800293
0.007998466491699219
0.007001638412475586
0.007999420166015625
0.006999492645263672
0.2745020389556885
0.011304140090942383
0.008037328720092773
0.00697779655456543
0.00798344612121582
0.00603032112121582
0.005970478057861328
0.008149147033691406
0.006997823715209961
0.008764266967773438
0.006009578704833984
0.008988380432128906
0.006882905960083008
0.008011341094970703
0.005987405776977539
0.00800943374633789
0.007030487060546875
0.006960868835449219
0.00803685188293457
0.0059626102447509766
0.007999897003173828
0.007014036178588867
0.007987022399902344
0.005997896194458008
0.006001949310302734
0.006997346878051758
0.006000518798828125
0.008001327514648438
0.005999565124511719
0.007002592086791992
0.00799703598022461
0.005999326705932617
0.007001161575317383
0.006000041961669922
0.007000923156738281
0.006998538970947266
0.006957292556762695
0.007812738418579102
0.005128383636474609
0.2768123149871826
0.009996175765991211
0.006998777389526367
0.00600123405456543
0.007025957107543945
0.006972551345825195
0.007000446319580078
0.007746219635009766
0.007014751434326172
0.007945060729980469
0.00699925422668457
0.010039091110229492
0.008024930953979492
0.008935928344726562
0.007000446319580078
0.007999658584594727
0.006998777389526367
0.27020978927612305
0.014004945755004883
0.010996818542480469
0.009001493453979492
0.007001161575317383
0.007995843887329102
0.006998538970947266
0.009016275405883789
0.007006645202636719
0.2818026542663574
0.010958433151245117
0.0069696903228759766
0.00800180435180664
0.007999897003173828
0.006997108459472656
0.006021261215209961
0.006995677947998047
0.006001472473144531
0.005999088287353516
0.019001007080078125
0.007001161575317383
0.2746560573577881
0.008988618850708008
0.007972002029418945
0.0070035457611083984
0.00599360466003418
0.006999492645263672
0.006000041961669922
0.00800013542175293
0.006999969482421875
0.007001399993896484
0.006998538970947266
0.006000518798828125
0.5095198154449463
0.008985280990600586
0.006998538970947266
0.00700068473815918
0.0069997310638427734
0.008546829223632812
0.007997751235961914
0.006977081298828125
0.009004354476928711
0.006998300552368164
0.0069980621337890625
0.00700831413269043
0.007994413375854492
0.007996082305908203
0.008000373840332031
0.00703883171081543
0.006963253021240234
0.006999015808105469
0.00501251220703125
0.006988048553466797
0.0059986114501953125
0.26981353759765625
0.01700758934020996
0.012490987777709961
0.00899505615234375
0.006998538970947266
0.008328437805175781
0.006987571716308594
0.009011030197143555
0.007961273193359375
0.007999420166015625
0.2829477787017822
0.012991666793823242
0.010000944137573242
0.011998653411865234
0.007997751235961914
0.008002042770385742
0.007997274398803711
0.008001327514648438
0.00699925422668457
0.006002187728881836
0.2698974609375
0.016427040100097656
0.009992599487304688
0.008037328720092773
0.006991386413574219
0.006989955902099609
0.008011341094970703
0.007993936538696289
0.007976531982421875
0.009998798370361328
0.006999969482421875
0.006025075912475586
0.0080108642578125
0.006983280181884766
0.006979703903198242
0.004999876022338867
0.008002042770385742
0.004997968673706055
0.005999565124511719
0.006002187728881836
0.005998373031616211
0.005000591278076172
0.007000446319580078
0.0049991607666015625
0.006000041961669922
0.007000923156738281
0.0049991607666015625
0.006002902984619141
0.005996227264404297
0.006000041961669922
0.007002115249633789
0.004998445510864258
0.00500035285949707
0.27346277236938477
0.0068798065185546875
0.007151365280151367
0.008672714233398438
0.007984161376953125
0.0070383548736572266
0.006960391998291016
0.26915597915649414
0.006042957305908203
0.00672149658203125
0.00803685188293457
0.006961345672607422
0.008000373840332031
0.2671210765838623
0.2670016288757324
0.012003898620605469
0.013995170593261719
0.009001493453979492
0.011001348495483398
0.2859985828399658
0.5041615962982178
0.01799154281616211
0.01905059814453125
0.018948078155517578
0.013996362686157227
0.2838444709777832
0.017365455627441406
0.015993118286132812
0.2739434242248535
0.2728402614593506
0.014059305191040039
0.013997316360473633
0.00899815559387207
0.009049415588378906
0.007950544357299805
0.2850334644317627
0.017580032348632812
0.012948989868164062
0.007980108261108398
0.008008718490600586
0.006998777389526367
0.009045124053955078
0.006957292556762695
0.008019208908081055
0.007978200912475586
0.2757222652435303
0.2740745544433594
0.01099252700805664
0.0061643123626708984
0.006968975067138672
0.2733933925628662
0.0079498291015625
0.006998777389526367
0.006999969482421875
0.008004426956176758
0.007997512817382812
0.006998538970947266
0.0069882869720458984
0.007008075714111328
0.2723991870880127
0.005998849868774414
0.2824382781982422
0.010028600692749023
0.008012771606445312
0.007990598678588867
0.2711505889892578
0.01099395751953125
0.0069997310638427734
0.006999492645263672
0.009000539779663086
0.0070416927337646484
0.007981538772583008
0.0069773197174072266
0.006998777389526367
0.009012699127197266
0.006986856460571289
0.008042097091674805
0.0069582462310791016
0.008038997650146484
0.006958961486816406
0.007999897003173828
0.008041143417358398
0.006959676742553711
0.009000301361083984
0.006998300552368164
0.009485006332397461
0.008474349975585938
0.0076465606689453125
0.00901937484741211
0.005980730056762695
0.0069997310638427734
0.008000373840332031
0.005999565124511719
0.27313828468322754
0.012747049331665039
0.009998083114624023
0.009038448333740234
0.006960153579711914
0.006999492645263672
0.009002923965454102
0.2708296775817871
0.01099395751953125
0.006036996841430664
0.007964849472045898
0.00906515121459961
0.006972789764404297
0.007995128631591797
0.005993843078613281
0.0069997310638427734
0.27139925956726074
0.00999140739440918
0.006003379821777344
0.00799560546875
0.0060007572174072266
0.00599980354309082
0.0070040225982666016
0.005997419357299805
0.005999565124511719
0.3138000965118408
0.016999483108520508
0.0169985294342041
0.01599597930908203
0.27404284477233887
0.017998695373535156
0.012995481491088867
0.007999897003173828
0.007002353668212891
0.009016990661621094
0.008983850479125977
0.27104687690734863
0.01300048828125
0.014021158218383789
0.008972883224487305
0.0070002079010009766
0.007999181747436523
0.007001161575317383
0.009018898010253906
0.006999969482421875
0.007981538772583008
0.007997989654541016
0.008000850677490234
0.006998538970947266
0.0070002079010009766
0.009002923965454102
0.006997585296630859
0.008000612258911133
0.010999679565429688
0.007998228073120117
0.010010242462158203
0.006991147994995117
0.01000070571899414
0.006998300552368164
0.009003877639770508
0.006997108459472656
0.009002447128295898
0.004996776580810547
0.007002353668212891
0.007997512817382812
0.006002187728881836
0.007999897003173828
0.005999565124511719
0.007000923156738281
0.006998538970947266
0.007004499435424805
0.008995771408081055
0.007000446319580078
0.006999492645263672
0.0060002803802490234
0.007012844085693359
0.005985736846923828
0.006000518798828125
0.2673499584197998
0.009998559951782227
0.012999773025512695
0.008996248245239258
0.0070002079010009766
0.0070037841796875
0.0069963932037353516
0.0070018768310546875
0.007006168365478516
0.005993366241455078
0.007027626037597656
0.0070209503173828125
0.005952119827270508
0.007998466491699219
0.26953601837158203
0.006998777389526367
0.006001949310302734
0.006005048751831055
0.007995128631591797
0.007999897003173828
0.008007287979125977
0.006993293762207031
0.008002281188964844
0.007998228073120117
0.007999897003173828
0.2719993591308594
0.0060024261474609375
0.015003681182861328
0.011994600296020508
0.014023542404174805
0.008975744247436523
0.013044357299804688
0.27995967864990234
0.017003774642944336
0.02100086212158203
0.009000062942504883
0.006999492645263672
0.008001565933227539
0.006998300552368164
0.008000373840332031
0.009000301361083984
0.009001970291137695
0.006998300552368164
0.012998580932617188
0.006000995635986328
0.010998725891113281
0.006000041961669922
0.009999990463256836
0.0060002803802490234
0.008001089096069336
0.00800180435180664
0.27986931800842285
0.013000011444091797
0.009001493453979492
0.27399659156799316
0.0060002803802490234
0.008002281188964844
0.006996870040893555
0.006001710891723633
0.010006904602050781
0.005991697311401367
0.010001897811889648
0.006000041961669922
0.00899815559387207
0.006001710891723633
0.011001825332641602
0.28014302253723145
0.021979808807373047
0.020148515701293945
0.014995336532592773
0.013575315475463867
0.2719707489013672
0.009003639221191406
0.008979558944702148
0.2771587371826172
0.018997907638549805
0.013021230697631836
0.008049726486206055
0.009948968887329102
0.010021686553955078
0.007977485656738281
0.008999824523925781
0.00700068473815918
0.007001161575317383
0.008998394012451172
0.00500035285949707
0.009000062942504883
0.005999326705932617
0.009005069732666016
0.005995273590087891
0.007999897003173828
0.0069997310638427734
0.3364579677581787
0.011318683624267578
0.00796818733215332
0.00899362564086914
0.007999658584594727
0.006571054458618164
0.008995771408081055
0.005988597869873047
0.008000373840332031
0.006997108459472656
0.007001399993896484
0.007996320724487305
0.0060100555419921875
0.27471423149108887
0.009978771209716797
0.009000539779663086
0.006000041961669922
0.007999658584594727
0.279512882232666
0.00701451301574707
0.006989002227783203
0.009038448333740234
0.008961677551269531
0.005998373031616211
0.008002042770385742
0.27027416229248047
0.0060117244720458984
0.007001399993896484
0.007040739059448242
0.00593876838684082
0.008071660995483398
0.006041288375854492
0.00795888900756836
0.005991697311401367
0.005998849868774414
0.008673906326293945
0.006869316101074219
0.00798487663269043
0.006999015808105469
0.00800180435180664
0.0069997310638427734
0.007999181747436523
0.007041454315185547
0.007961034774780273
0.006996631622314453
0.0070078372955322266
0.007992029190063477
0.0069997310638427734
0.008999824523925781
0.007000446319580078
0.008002519607543945
0.0069980621337890625
0.007007598876953125
0.006991863250732422
0.006002187728881836
0.0069980621337890625
0.0060040950775146484
0.006996870040893555
0.0460205078125
0.005979061126708984
0.0069997310638427734
0.005000114440917969
0.004999399185180664
0.007001161575317383
0.0069997310638427734
0.0060024261474609375
0.0070002079010009766
0.006000041961669922
0.005997896194458008
0.0070018768310546875
0.0059967041015625
0.004999637603759766
0.007001638412475586
0.004998922348022461
0.006000518798828125
0.007000446319580078
0.006001472473144531
0.2707793712615967
0.007001161575317383
0.0070056915283203125
0.006995201110839844
0.27707648277282715
0.016998291015625
0.009030342102050781
0.008028030395507812
0.006940126419067383
0.006998777389526367
0.0069997310638427734
0.007001399993896484
0.007998466491699219
0.006999969482421875
0.008046627044677734
0.0069539546966552734
0.008003950119018555
0.006994724273681641
0.008019447326660156
0.006981372833251953
0.006001472473144531
0.007999181747436523
0.0059986114501953125
0.008999347686767578
0.00600123405456543
0.008005857467651367
0.00599360466003418
0.00600123405456543
0.008009910583496094
0.004990339279174805
0.2720818519592285
0.01699686050415039
0.012997627258300781
0.008997201919555664
0.0070078372955322266
0.00799870491027832
0.0070002079010009766
0.008999347686767578
0.007529735565185547
0.00803232192993164
0.006966829299926758
0.00800180435180664
0.007005214691162109
0.007993936538696289
0.007018089294433594
0.008982419967651367
0.00699925422668457
0.27170777320861816
0.016999483108520508
0.012656450271606445
0.00899362564086914
0.007005929946899414
0.2819094657897949
0.010989665985107422
0.0070171356201171875
0.008056640625
0.007990121841430664
0.006000518798828125
0.007002830505371094
0.006998777389526367
0.007000923156738281
0.009011030197143555
0.005987644195556641
0.2776017189025879
0.008940696716308594
0.008000850677490234
0.0070037841796875
0.006992340087890625
0.00842142105102539
0.007002115249633789
0.2722194194793701
0.2710590362548828
0.0063211917877197266
0.008044242858886719
0.005957365036010742
0.006656646728515625
0.00799870491027832
0.007001399993896484
0.007997751235961914
0.007000446319580078
0.007003307342529297
0.006995201110839844
0.007005929946899414
0.27550840377807617
0.011044979095458984
0.012953996658325195
0.010004758834838867
0.007760047912597656
0.006959676742553711
0.007000923156738281
0.006998538970947266
0.020000457763671875
0.017993927001953125
0.006001710891723633
0.005998849868774414
0.007002353668212891
0.005998849868774414
0.26929140090942383
0.008008241653442383
0.006990909576416016
0.008021116256713867
0.00701141357421875
0.006995201110839844
0.00600123405456543
0.007996559143066406
0.006020545959472656
0.007980585098266602
0.007008790969848633
0.007992982864379883
0.005997419357299805
0.006000995635986328
0.27446484565734863
0.3076944351196289
0.006001710891723633
0.0059986114501953125
0.006001710891723633
0.00799703598022461
0.006805896759033203
0.005997896194458008
0.008005380630493164
0.007996320724487305
0.00672602653503418
0.2720308303833008
0.0070002079010009766
0.008000373840332031
0.006026268005371094
0.0059740543365478516
0.006999969482421875
0.007001161575317383
0.006999492645263672
0.00702667236328125
0.004972696304321289
0.008000850677490234
0.28621625900268555
0.27468419075012207
0.010032892227172852
0.00696110725402832
0.008003950119018555
0.0069997310638427734
0.0071239471435546875
0.007001638412475586
0.008018732070922852
0.005979061126708984
0.00599980354309082
0.02499842643737793
0.007002115249633789
0.006000995635986328
0.005999565124511719
0.007999420166015625
0.006029367446899414
0.007973194122314453
0.00799703598022461
0.2850069999694824
0.02600240707397461
0.020997285842895508
0.013996601104736328
0.013995885848999023
0.2730069160461426
0.02402496337890625
0.018984079360961914
0.015004158020019531
0.009980440139770508
0.013003826141357422
0.009015560150146484
0.009983301162719727
0.014000177383422852
0.010001420974731445
0.008998394012451172
0.014002084732055664
0.010020732879638672
0.008977890014648438
0.014001131057739258
0.010009527206420898
0.008988380432128906
0.013006210327148438
0.00599360466003418
0.28380393981933594
0.01763916015625
0.017627477645874023
0.01799917221069336
0.018002748489379883
0.01699686050415039
0.01299738883972168
0.008002758026123047
0.007005929946899414
0.2733321189880371
0.01201319694519043
0.010986089706420898
0.011016368865966797
0.007982969284057617
0.009999990463256836
0.0070002079010009766
0.01199960708618164
0.00802469253540039
0.009979009628295898
0.00899505615234375
0.006000518798828125
0.010000944137573242
0.005999088287353516
0.00599980354309082
0.007000446319580078
0.007004261016845703
0.005995512008666992
0.009000778198242188
0.010003089904785156
0.0059967041015625
0.0070002079010009766
0.005999326705932617
0.2684595584869385
0.01900029182434082
0.01899862289428711
0.02000284194946289
0.012996912002563477
0.010009050369262695
0.006987571716308594
0.008997678756713867
0.009016275405883789
0.00802159309387207
0.005999088287353516
0.005980730056762695
0.006982088088989258
0.005000114440917969
0.007004737854003906
0.005994558334350586
0.005000591278076172
0.0069997310638427734
0.004999637603759766
0.00500035285949707
0.007001399993896484
0.005999326705932617
0.2713658809661865
0.0180051326751709
0.021094560623168945
0.012313365936279297
0.007370710372924805
0.2731912136077881
0.0070040225982666016
0.00699615478515625
0.008002281188964844
0.005997419357299805
0.008002519607543945
0.0069980621337890625
0.009001016616821289
0.00799870491027832
0.009006977081298828
0.00699305534362793
0.009006738662719727
0.27190685272216797
0.007993221282958984
0.0060002803802490234
0.0069997310638427734
0.005999565124511719
0.006002187728881836
0.28000664710998535
0.013993978500366211
0.010002374649047852
0.009999752044677734
0.006994962692260742
0.009003400802612305
0.0069980621337890625
0.010000467300415039
0.006000041961669922
0.011000394821166992
0.0069997310638427734
0.00800013542175293
0.28101038932800293
0.02199101448059082
0.013002395629882812
0.009996414184570312
0.008997678756713867
0.0070002079010009766
0.007999181747436523
0.0060007572174072266
0.008998870849609375
0.006000518798828125
0.27270007133483887
0.008002042770385742
0.009000062942504883
0.26799678802490234
0.006001949310302734
0.005999565124511719
0.007999420166015625
0.007407665252685547
0.007999658584594727
0.2924635410308838
0.0070002079010009766
0.007001638412475586
0.006999492645263672
0.007998943328857422
0.006044149398803711
0.008000850677490234
0.007005453109741211
0.27316713333129883
0.2672863006591797
0.007013082504272461
0.007991552352905273
0.0070269107818603516
0.0070035457611083984
0.00901031494140625
0.007987499237060547
0.009021282196044922
0.007979154586791992
0.27660608291625977
0.00899958610534668
0.2678945064544678
0.007979154586791992
0.009000778198242188
0.006999969482421875
0.010000228881835938
0.007998943328857422
0.010999202728271484
0.009012460708618164
0.008986473083496094
0.9499711990356445
0.280134916305542
0.009994268417358398
0.0065805912017822266
0.007565498352050781
0.005968809127807617
0.2708890438079834
0.005998849868774414
0.007002592086791992
0.007027149200439453
0.005970478057861328
0.006004810333251953
0.27478885650634766
0.006028890609741211
0.00796961784362793
0.27684593200683594
0.2831394672393799
0.006982564926147461
0.008018255233764648
0.006983041763305664
0.007999897003173828
0.0067424774169921875
0.0069615840911865234
0.008041620254516602
0.006957054138183594
0.008000373840332031
0.0070002079010009766
0.2683384418487549
0.006041765213012695
0.2755930423736572
0.0070035457611083984
0.006997585296630859
0.27194952964782715
0.016999006271362305
0.013994693756103516
0.007996797561645508
0.008084774017333984
0.006912708282470703
0.007002830505371094
0.008052587509155273
0.2724874019622803
0.008002758026123047
0.2893519401550293
0.007998228073120117
0.006960630416870117
0.008030176162719727
0.2723352909088135
0.00701451301574707
0.006963968276977539
0.3034086227416992
0.009989738464355469
0.006003379821777344
0.006996631622314453
0.00701904296875
0.006983518600463867
0.008455038070678711
0.006001472473144531
0.008039712905883789
0.006961345672607422
0.008011817932128906
0.005986452102661133
0.008002042770385742
0.00799870491027832
0.0069997310638427734
0.00800013542175293
0.2919125556945801
0.006975412368774414
0.006998777389526367
0.00800180435180664
0.008018732070922852
0.007981538772583008
0.007998466491699219
0.0063323974609375
0.00796818733215332
0.007043123245239258
0.007964134216308594
0.0069925785064697266
0.0060007572174072266
0.007999420166015625
0.0070340633392333984
0.008966207504272461
0.0070002079010009766
0.0069997310638427734
0.005998373031616211
0.006040334701538086
0.005960702896118164
0.004999876022338867
0.007003307342529297
0.2785027027130127
0.017992734909057617
0.009998798370361328
0.010035991668701172
0.007961034774780273
0.007001638412475586
0.006998538970947266
0.007999658584594727
0.006999969482421875
0.008998870849609375
0.007001399993896484
0.0070383548736572266
0.0069675445556640625
0.007027626037597656
0.0069959163665771484
0.005971431732177734
0.007998943328857422
0.007000923156738281
0.007000446319580078
0.00600123405456543
0.010001182556152344
0.007004499435424805
0.004992008209228516
0.020998716354370117
0.008002519607543945
0.005998849868774414
0.00699925422668457
0.006000041961669922
0.007024288177490234
0.005976438522338867
0.005999326705932617
0.008005619049072266
0.005993843078613281
0.006000041961669922
0.00700068473815918
0.00500035285949707
0.006999969482421875
0.00700068473815918
0.007000923156738281
0.005998134613037109
0.2693166732788086
0.009000062942504883
0.007997512817382812
0.00703120231628418
0.007969856262207031
0.007999181747436523
0.00800180435180664
0.2674434185028076
0.013001680374145508
0.009788036346435547
0.008997917175292969
0.005998134613037109
0.009001016616821289
0.006310462951660156
0.008004426956176758
0.2743709087371826
0.007001399993896484
0.00799870491027832
0.2912445068359375
0.0070018768310546875
0.007001161575317383
0.009029626846313477
0.2693135738372803
0.008992910385131836
0.006987571716308594
0.2728114128112793
0.2758917808532715
0.005999088287353516
0.006000518798828125
0.006999969482421875
0.008002758026123047
0.0069963932037353516